1 1e-4 0.01 0.01 10 0.82677 0.84628 353 2.2295 0.62832 3 37.362
2 1e-4 0.01 0.01 10 0.11557 0.84082 161 2.6272 0.056101 6 170.56
3 1e-4 0.01 0.01 10 0.87831 0.7907 432 1.741 0.38768 3 67.345
4 1e-4 0.01 0.01 10 0.10934 0.85705 291 0.60685 0.084341 5 121.92
1 1e-4 0.01 0.01 100 0.11745 0.87298 399 2.1874 0.52659 7 51.146
2 1e-4 0.01 0.01 100 0.031577 0.8532 139 2.8119 0.16883 7 17.497
3 1e-4 0.01 0.01 100 0.25842 0.73754 216 2.3535 0.043971 6 166.23
4 1e-4 0.01 0.01 100 0.13081 0.91603 69 2.0652 0.17639 8 168.7
1 1e-4 0.01 0.01 1000 0.87729 0.19968 77 2.7125 0.95455 4 31.797
2 1e-4 0.01 0.01 1000 0.54022 0.46356 163 2.8026 0.15551 7 16.77
3 1e-4 0.01 0.01 1000 0.13147 0.55496 334 2.9167 0.61006 8 6.105
4 1e-4 0.01 0.01 1000 0.14745 0.48671 167 2.6085 0.88106 6 18.229
1 1e-4 0.01 0.01 126 0.06047 0.86895 369 2.8742 0.93812 8 142.75
2 1e-4 0.01 0.01 126 0.17744 0.79195 83 2.4241 0.7462 7 8.0598
3 1e-4 0.01 0.01 126 0.090867 0.83151 406 2.2755 0.053045 7 66.624
4 1e-4 0.01 0.01 126 0.063489 0.93512 298 2.8482 0.8609 8 87.557
1 1e-4 0.01 0.01 13 0.0048712 0.9279 258 2.138 0.16757 5 66.413
2 1e-4 0.01 0.01 13 0.22421 0.70932 305 1.0849 0.18101 4 148.93
3 1e-4 0.01 0.01 13 0.077229 0.93947 479 2.7607 0.15697 5 148.09
4 1e-4 0.01 0.01 13 0.53847 0.98196 294 2.8553 0.10394 4 48.797
1 1e-4 0.01 0.01 159 0.12501 0.83848 422 2.3839 0.89985 8 164.45
2 1e-4 0.01 0.01 159 0.11581 0.90878 296 2.6115 0.79701 8 104.41
3 1e-4 0.01 0.01 159 0.0019748 0.88344 277 2.8401 0.86006 8 85.668
4 1e-4 0.01 0.01 159 0.036093 0.77327 304 2.6189 0.85415 8 72.296
1 1e-4 0.01 0.01 16 0.67484 0.85981 245 0.57137 0.0065826 4 157.78
2 1e-4 0.01 0.01 16 0.19212 0.99526 228 2.2837 0.79603 6 197.21
3 1e-4 0.01 0.01 16 0.039613 0.98009 110 1.8375 0.42999 6 156.33
4 1e-4 0.01 0.01 16 0.17993 0.96366 264 2.082 0.10257 5 103.48
1 1e-4 0.01 0.01 20 0.94741 0.78614 491 2.8347 0.52057 3 164.22
2 1e-4 0.01 0.01 20 0.064329 0.97257 266 1.8837 0.31103 7 62.333
3 1e-4 0.01 0.01 20 0.37134 0.97722 49 2.5575 0.11388 5 49.422
4 1e-4 0.01 0.01 20 0.21856 0.91455 325 2.8924 0.64788 5 114.64
1 1e-4 0.01 0.01 200 0.62906 0.50386 322 2.8754 0.21092 4 3.4737
2 1e-4 0.01 0.01 200 0.1543 0.96267 422 2.1716 0.44187 9 71.601
3 1e-4 0.01 0.01 200 0.076996 0.95858 323 2.75 0.582 9 159.64
4 1e-4 0.01 0.01 200 0.060013 0.58933 469 2.8037 0.81335 6 22.481
1 1e-4 0.01 0.01 252 0.084157 0.92473 207 2.5381 0.55657 9 183.55
2 1e-4 0.01 0.01 252 0.071576 0.97867 220 2.2924 0.6696 9 157.23
3 1e-4 0.01 0.01 252 0.05654 0.93168 154 2.5887 0.22137 9 157.03
4 1e-4 0.01 0.01 252 0.59001 0.58423 142 2.2418 0.053585 9 8.155
1 1e-4 0.01 0.01 26 0.067238 0.96866 157 2.2218 0.56146 6 177.57
2 1e-4 0.01 0.01 26 0.61442 0.8811 294 2.9844 0.5473 4 158.69
3 1e-4 0.01 0.01 26 0.5656 0.93867 31 2.7727 0.23906 5 175.71
4 1e-4 0.01 0.01 26 0.4044 0.93736 400 2.6867 0.15444 5 197.31
1 1e-4 0.01 0.01 317 0.24099 0.55663 65 2.9059 0.73151 8 9.4073
2 1e-4 0.01 0.01 317 0.027502 0.77655 187 2.0172 0.009719 9 15.918
3 1e-4 0.01 0.01 317 0.11196 0.84581 134 1.8225 0.16035 9 104.17
4 1e-4 0.01 0.01 317 0.42853 0.45201 256 2.254 0.033427 6 23.134
1 1e-4 0.01 0.01 32 0.13907 0.94306 287 2.2194 0.76739 6 170.87
2 1e-4 0.01 0.01 32 0.19748 0.94887 316 2.1864 0.20503 6 64.532
3 1e-4 0.01 0.01 32 0.39381 0.84609 366 2.6922 0.85592 5 52.856
4 1e-4 0.01 0.01 32 0.12664 0.97926 17 2.0674 0.45407 6 148.12
1 1e-4 0.01 0.01 399 0.15545 0.45301 294 2.6866 0.048794 5 29.543
2 1e-4 0.01 0.01 399 0.87934 0.30644 370 2.9759 0.47739 3 68.059
3 1e-4 0.01 0.01 399 0.089159 0.53193 492 2.6582 0.2468 8 16.774
4 1e-4 0.01 0.01 399 0.088547 0.9246 147 2.8155 0.62864 10 10.816
1 1e-4 0.01 0.01 40 0.80298 0.67789 60 1.526 0.55076 4 24.231
2 1e-4 0.01 0.01 40 0.39735 0.96449 193 1.7508 0.76314 6 56.561
3 1e-4 0.01 0.01 40 0.025001 0.95767 134 2.08 0.16214 7 119.47
4 1e-4 0.01 0.01 40 0.67845 0.75814 91 2.416 0.20824 4 167.94
1 1e-4 0.01 0.01 502 0.56851 0.48596 213 2.4145 0.25994 6 23.95
2 1e-4 0.01 0.01 502 0.48041 0.49829 324 2.7925 0.50495 7 11.997
3 1e-4 0.01 0.01 502 0.053611 0.96266 189 2.9121 0.095595 10 14.702
4 1e-4 0.01 0.01 502 0.43992 0.48144 191 2.3744 0.12784 7 10.185
1 1e-4 0.01 0.01 51 0.57451 0.76446 446 2.5734 0.36758 5 56.774
2 1e-4 0.01 0.01 51 0.054579 0.95571 196 1.8922 0.11762 7 167.21
3 1e-4 0.01 0.01 51 0.3085 0.72549 316 2.7294 0.32496 5 83.601
4 1e-4 0.01 0.01 51 0.0086387 0.95331 88 1.3018 0.23688 7 58.891
1 1e-4 0.01 0.01 631 0.9771 0.66158 398 2.6523 0.53661 12 13.871
2 1e-4 0.01 0.01 631 0.70418 0.4275 387 2.6028 0.57079 5 16.16
3 1e-4 0.01 0.01 631 0.43536 0.46571 222 2.546 0.19387 7 25.956
4 1e-4 0.01 0.01 631 0.14145 0.47591 40 2.9673 0.65726 5 20.29
1 1e-4 0.01 0.01 64 0.9095 0.3761 273 2.0364 0.38896 3 49.021
2 1e-4 0.01 0.01 64 0.091964 0.96208 386 1.8795 0.88296 7 92.858
3 1e-4 0.01 0.01 64 0.026454 0.95221 222 2.8246000000000002 0.50522 7 74.952
4 1e-4 0.01 0.01 64 0.275 0.83362 314 1.6047 0.059258 7 58.344
1 1e-4 0.01 0.01 795 0.29903 0.51475 149 2.6386 0.5474 6 5.6106
2 1e-4 0.01 0.01 795 0.62731 0.43291 460 2.422 0.34436 9 31.287
3 1e-4 0.01 0.01 795 0.82383 0.49866 474 2.3722 0.46284 5 11.465
4 1e-4 0.01 0.01 795 0.72401 0.36561 151 2.92 0.5102 6 116.46
1 1e-4 0.01 0.01 80 0.12998 0.94385 434 1.7893 0.034483 8 198.69
2 1e-4 0.01 0.01 80 0.3141 0.71409 315 1.9653 0.25589 5 130.12
3 1e-4 0.01 0.01 80 0.080344 0.77693 150 2.4688 0.61594 6 105.52
4 1e-4 0.01 0.01 80 0.030513 0.90334 466 2.7964 0.43864 7 180.01
